(173.866394, 1878.797851, 20.852190, 93.892997);
(173.866394, 1878.797851, 20.852190, 93.892997);
(169.564910, 1878.454101, 20.757940, 271.822235);
(141.511459, 1925.421020, 19.175159, 87.382812); // ANTI TERRO VEHIC SPAWN
(133.500411, 1925.499755, 19.177864, 90.545906);
(125.048225, 1907.809692, 18.715106, 94.047950);
(124.780998, 1900.353759, 18.548593, 90.037582);
// TERRO


(-1398.688110, 2658.327392, 55.687500, 89.484558);
(-1400.075317, 2658.285400, 55.687500, 90.049423);
(-1400.132568, 2651.864990, 55.687500, 90.953155);
(-1399.750000, 2645.511474, 55.687500, 89.032653);
(-1418.430297, 2627.471923, 55.835937, 179.603347);
(-1418.280151, 2615.444335, 55.835937, 181.128494);
(-705.374572, 2348.479248, 127.318023, 76.412834);
(-781.835021, 2405.563476, 156.997344, 309.806640);
(-392.345794, 2207.154296, 48.051376, 101.186668);
(-411.031250, 2249.226074, 42.429687, 111.466590);
(-392.087036, 2217.571044, 42.429687, 105.972045);
(-745.460510, 2351.899414, 124.982345, 274.330780);
(-392.592864, 2217.181396, 42.429687, 102.879798);
(-354.200531, 2250.047607, 42.484375, 105.390884);
(-426.357635, 2197.600830, 42.429687, 143.482131);
(-746.729675, 2377.875488, 125.932853, 147.936584);
(-828.894104, 2328.018066, 149.579101, 336.373352);
{-482.847930, 2242.164550, 48.066741, 329.795745},
{-683.077087, 2449.983642, 116.239212, 329.795745},
{-1394.141845, 2635.135742, 55.918838, 88.866310},
{-1418.715942, 2628.165771, 55.826873, 115.413841},
{-1418.647583, 2615.504150, 55.828559, 115.413841},
{-1399.671142, 2658.177246, 55.680435, 115.413841},
{-1399.511352, 2651.866210, 55.680988, 115.413841},
{-1312.902099, 2670.308349, 50.077335, 110.886734},

//TERRO
{-1327.649414, 2683.435058, 50.062500, 288.288635},
{-1325.654907, 2677.082031, 50.062500, 288.740509},
{-1324.306884, 2698.285156, 50.062500, 293.006408},
{-1296.237548, 2704.776855, 50.062500, 212.177688},
{-1274.346069, 2706.548828, 50.062500, 209.466491},
{-1268.568847, 2709.375976, 50.070266, 211.556182},
{-1337.637451, 2671.345703, 50.062500, 20.758386},
{-1310.234252, 2667.650146, 50.077239, 197.379852},
{148.923660, 1918.832153, 19.012239, 95.507514},
{154.636947, 1915.860839, 18.835704, 270.382415},
{152.124816, 1914.419067, 18.878385, 1.462461},
